 1 
 811782 
 181 
 186 
 12343 
 585076 
 861320 
 863292 
 858490 
 830849 
 11321 
 11248 
 214 
 26775 
 38 
 7125 
 1213 
 235 
 629050 
 1401 
 1432 
 1433 
 724689 
 1495 
 1499 
 1509 
 1552 
 1553 
 30148 
 1576 
 590969 
 711651 
 1624 
 1630 
 1636 
 1637 
 1767 
 1825 
 1866 
 1890 
 1935 
 1938 
 1965 
 1966 
 1975 
 686849 
 2005 
 2035 
 710098 
 2083 
 2195 
 2222 
 2267 
 7 
 896587 
 8 
 289 
 84 
 2680 
 11 
 816788 
 873653 
 332 
 11372 
 15367 
 335 
 347 
 369 
 371 
 401 
 411 
 11401 
 436 
 7637 
 438 
 2962 
 112 
 3037 
 503 
 30584 
 516 
 3091 
 3104 