 407506 
 733236 
 1 
 811782 
 863307 
 854266 
 645598 
 596575 
 869761 
 673941 
 181 
 850140 
 186 
 12343 
 844243 
 844335 
 508390 
 866267 
 529767 
 866372 
 866452 
 866153 
 186123 
 585076 
 865914 
 769498 
 866017 
 865548 
 866381 
 865887 
 17905 
 191956 
 501921 
 889192 
 889773 
 861320 
 863292 
 861427 
 886975 
 873818 
 858490 
 873845 
 815124 
 818848 
 905420 
 894583 
 829489 
 830849 
 830913 
 677750 
 507821 
 215617 
 272052 
 836742 
 11255 
 11261 
 11613 
 11321 
 12483 
 22289 
 43331 
 507799 
 370625 
 11248 
 402935 
 7401 
 1048 
 508185 
 765340 
 848092 
 242735 
 1147 
 47267 
 337214 
 214 
 26775 
 7188 
 507877 
 38 
 269734 
 690678 
 40409 
 852251 
 35722 
 7125 
 7126 
 40437 
 20580 
 1213 
 865302 
 782825 
 691819 
 727151 
 235 
 764797 
 878767 
 547367 
 744500 
 720171 
 339014 
 746350 
 653482 
 629050 
 878404 
 644574 
 860030 
 619055 
 670404 
 166331 
 193040 
 775922 
 800591 
 22910 
 430104 
 20549 
 1401 
 537282 
 548456 
 1432 
 1433 
 724689 
 508869 
 552354 
 1483 
 737265 
 1495 
 1499 
 1509 
 670959 
 594575 
 28402 
 1552 
 1553 
 38733 
 39999 
 12733 
 30148 
 25924 
 824415 
 34350 
 1576 
 13336 
 272049 
 15818 
 631120 
 14663 
 590969 
 711651 
 1624 
 1630 
 1636 
 1637 
 251570 
 7875 
 705287 
 7885 
 16864 
 760076 
 536753 
 823006 
 1731 
 429888 
 1767 
 1825 
 673641 
 650081 
 760625 
 1866 
 1869 
 1890 
 171422 
 1913 
 1935 
 1938 
 1965 
 1966 
 1975 
 15578 
 1982 
 14818 
 635382 
 686849 
 223331 
 8416 
 2005 
 2006 
 713614 
 760198 
 585171 
 2035 
 710098 
 164943 
 2083 
 36357 
 52140 
 507852 
 630811 
 28630 
 2191 
 2192 
 2195 
 2222 
 299304 
 190391 
 2267 
 30030 
 878470 
 879012 
 885532 
 886630 
 891111 
 891834 
 894396 
 7 
 895965 
 895971 
 896070 
 896240 
 896340 
 896587 
 896595 
 912031 
 8 
 874072 
 633368 
 777741 
 718234 
 242979 
 34364 
 23550 
 43560 
 672067 
 74 
 690492 
 15774 
 289 
 299 
 84 
 2680 
 852949 
 872481 
 11 
 12 
 872987 
 816788 
 12282 
 434671 
 873653 
 332 
 11372 
 15367 
 335 
 873647 
 347 
 16445 
 13185 
 43848 
 369 
 371 
 756203 
 387 
 579949 
 813470 
 401 
 754934 
 411 
 428101 
 418 
 11401 
 430 
 2922 
 435 
 436 
 7637 
 438 
 2962 
 483 
 112 
 366516 
 434635 
 793373 
 3034 
 272413 
 3037 
 631704 
 854229 
 503 
 30584 
 676979 
 516 
 517 
 16666 
 522 
 3091 
 3104 

